============= IMG 1

clas         17.137931
precision     0.374466
recall        0.415580
dtype: float64
c:\Users\admpdi\Code\personal\CMP197\pid_detect\notebook\common.py:330: RuntimeWarning: invalid value encountered in long_scalars
  recall = np.sum(TP) / (np.sum(FN) + np.sum(TP))
clas	precision	recall
6	9	1.000000	1.000000
8	11	1.000000	1.000000
12	15	0.750000	1.000000
7	10	1.000000	0.800000
16	19	0.800000	0.800000
2	4	0.750000	0.750000
4	6	1.000000	0.666667
15	18	1.000000	0.666667
3	5	0.333333	0.500000
5	7	1.000000	0.500000
18	22	0.500000	0.500000
1	2	0.750000	0.500000
14	17	0.500000	0.500000
13	16	0.333333	0.250000
17	21	0.142857	0.125000
26	30	0.000000	0.000000
22	26	0.000000	0.000000
25	29	0.000000	0.000000
0	1	0.000000	0.000000
21	25	0.000000	0.000000
20	24	0.000000	0.000000
10	13	0.000000	0.000000
28	32	0.000000	0.000000
9	12	0.000000	NaN
11	14	0.000000	NaN
19	23	0.000000	NaN
23	27	0.000000	NaN
24	28	0.000000	NaN
27	31	0.000000	NaN

============= IMG 2

clas         16.700000
precision     0.407778
recall        0.413162
dtype: float64
c:\Users\admpdi\Code\personal\CMP197\pid_detect\notebook\common.py:330: RuntimeWarning: invalid value encountered in long_scalars
  recall = np.sum(TP) / (np.sum(FN) + np.sum(TP))
clas	precision	recall
5	6	0.250000	1.000000
13	15	1.000000	1.000000
16	18	1.000000	1.000000
8	10	0.750000	0.857143
9	11	1.000000	0.800000
20	23	0.600000	0.750000
4	5	0.666667	0.666667
7	9	0.500000	0.666667
15	17	0.500000	0.666667
17	20	0.250000	0.500000
2	3	1.000000	0.500000
25	28	0.333333	0.500000
1	2	1.000000	0.500000
3	4	1.000000	0.333333
6	7	1.000000	0.307692
19	22	0.800000	0.307692
14	16	0.333333	0.250000
18	21	0.250000	0.136364
27	30	0.000000	0.000000
22	25	0.000000	0.000000
23	26	0.000000	0.000000
0	1	0.000000	0.000000
21	24	0.000000	0.000000
12	14	0.000000	0.000000
11	13	0.000000	0.000000
28	31	0.000000	0.000000
10	12	0.000000	NaN
24	27	0.000000	NaN
26	29	0.000000	NaN
29	32	0.000000	NaN